101
105 55 7 0
104 73 40 2
103 76 4 1
102 77 5 1
101 78 2 0
100 75 1 3
99 55 20 4
98 40 30 7
97 43 27 8
96 40 27 7
95 29 41 4
94 28 45 3
93 36 4 4
92 27 5 2
91 23 6 1
90 8 2 0
89 22 18 1
88 20 20 2
87 15 25 4
86 15 17 2
85 17 16 3
84 16 13 2
82 36 46 2
81 52 48 1
80 49 48 2
79 45 48 4
78 39 47 1
77 34 45 2
76 29 47 5
75 22 48 4
74 19 44 2
73 12 46 0
72 16 42 0
71 5 41 1
70 13 38 2
69 5 37 2
68 14 34 3
67 4 33 1
66 15 31 2
65 4 28 -1
64 14 26 -2
63 3 24 2
62 10 22 0
61 0 17 2
60 11 16 5
59 0 12 4
58 9 12 3
57 3 9 2
56 7 5 1
55 12 5 2
54 20 3 0
53 29 0 0
52 38 0 4
51 43 8 4
50 35 14 7
49 33 17 1
48 44 42 2
47 37 37 5
46 33 30 7
45 26 23 5
44 26 26 5
43 32 26 5
42 29 26 4
40 35 26 3
39 38 26 2
38 38 23 1
37 35 23 2
35 32 23 3
34 29 23 2
33 70 24 1
32 74 22 4
31 78 26 2
30 77 32 1
29 74 31 0
28 65 46 1
27 68 42 2
26 70 37 2
25 70 34 1
24 70 29 1
22 70 18 0
21 68 10 1
20 65 6 2
19 62 3 2
18 52 43 4
17 51 36 4
16 51 29 2
15 64 27 0
14 65 20 0
13 62 12 1
12 59 6 0
11 51 7 1
10 48 11 -2
9 48 16 1
8 50 23 2
7 54 26 -1
6 58 30 -1
5 63 35 1
4 63 40 5
3 60 44 4
##end
2 56 48 1
##start
1 54 1 0
105-1
104-26
103-102
103-100
103-101
102-100
102-101
101-100
99-8
98-96
97-96
96-39
95-94
94-76
93-92
92-91
91-54
90-56
89-88
88-87
87-64
86-84
86-85
85-60
84-60
82-78
82-77
81-80
81-2
80-79
79-78
77-76
76-75
75-74
74-72
73-70
73-72
71-68
71-70
69-66
69-68
67-64
67-66
65-62
65-64
63-60
63-62
61-58
61-60
59-57
59-58
57-56
56-55
55-54
54-53
53-52
52-1
51-50
51-1
50-49
49-45
49-34
49-35
49-37
49-38
48-2
48-47
47-46
46-44
46-42
46-43
46-40
46-39
45-34
45-44
44-42
43-40
43-35
43-42
42-34
40-39
40-37
39-38
38-37
37-35
35-34
33-29
33-22
32-24
32-31
31-30
30-29
28-2
28-27
27-26
26-25
25-24
22-21
21-20
20-19
19-1
18-3
18-2
18-17
17-16
16-7
15-5
15-14
14-13
13-9
13-12
12-1
11-10
11-1
10-9
9-8
8-7
7-6
6-5
5-4
4-3
3-2
