94
100 34 0 0
99 58 19 1
98 58 17 2
96 20 14 3
95 19 16 4
94 18 18 1
93 18 20 0
92 19 22 2
91 11 13 3
90 14 16 0
88 14 22 3
87 14 20 0
86 14 18 1
84 15 14 2
83 16 13 2
82 11 22 1
81 10 20 2
80 9 18 0
79 10 16 1
77 25 13 2
76 22 12 1
75 18 11 2
74 12 11 1
73 7 13 2
72 5 16 0
71 6 20 1
70 8 23 0
69 11 24 2
68 15 24 4
67 20 24 3
66 23 22 2
64 44 1 1
63 41 3 0
62 39 8 -1
61 19 2 0
60 24 4 2
59 29 5 3
58 33 8 1
57 18 34 2
56 24 32 3
55 28 29 2
54 31 25 1
53 37 35 0
52 38 33 1
51 38 27 2
50 54 33 3
49 51 31 1
48 48 28 2
47 45 24 3
46 68 25 1
45 65 25 0
44 62 24 2
43 68 10 3
42 65 10 1
41 62 12 2
40 52 4 0
39 49 5 1
38 46 7 2
37 44 9 0
36 43 12 1
35 40 11 0
34 36 10 3
33 33 11 1
32 31 13 2
31 44 20 1
30 41 22 1
29 37 23 0
28 33 22 1
27 29 19 2
26 27 19 3
25 27 15 1
24 29 15 2
22 55 25 1
21 51 11 2
20 49 12 1
19 48 15 2
18 46 19 1
17 46 15 2
16 48 20 3
15 49 23 4
14 51 24 2
13 54 23 2
12 52 23 0
10 59 23 1
9 61 21 0
8 61 18 1
7 61 16 2
6 60 13 3
5 58 11 1
4 55 10 0
3 54 12 1
2 52 12 -2
##end
1 53 20 1
##start
0 53 15 1
99-8
99-9
98-7
98-8
96-95
95-94
94-93
93-92
92-67
91-79
90-84
90-86
88-68
88-87
87-86
84-83
82-81
82-69
81-80
80-79
77-76
77-25
76-75
75-74
74-73
73-72
72-71
71-70
70-69
69-68
68-67
67-66
66-26
64-63
63-62
62-35
61-60
60-59
59-58
58-34
57-56
56-55
55-54
54-28
53-52
52-51
51-29
50-49
49-48
48-47
47-30
46-45
45-44
44-9
43-42
42-41
41-7
40-39
39-38
38-37
37-36
36-35
36-17
35-34
34-33
33-32
32-24
31-30
31-18
30-29
29-28
28-27
27-25
26-24
22-10
22-12
21-20
21-3
20-19
19-18
17-16
16-15
15-14
14-13
13-1
12-1
10-9
9-8
8-7
7-6
6-5
5-4
4-2
3-0
2-0
